[{"id": 0, "img_name": "images/000007.jpg", "width": 649, "height": 389, "position": [-2.761490108900937, -2.7047733134173284, -2.4289626942328244], "rotation": [[0.995156447908946, 0.07592681741004766, 0.06244007193486358], [-0.07848091194798984, 0.9961319617626615, 0.03952038985996622], [-0.059197893924205804, -0.04422932458056689, 0.9972659505879489]], "fy": 501.3613755453552, "fx": 1197.9314188857138}, {"id": 1, "img_name": "images/000008.jpg", "width": 649, "height": 389, "position": [-1.5287490719665207, -1.1150600446872416, -1.7417117231221173], "rotation": [[0.9990351555961597, 0.04293716288272511, -0.009228105251845704], [-0.043324537561141546, 0.9979571018814056, -0.046953245357256396], [0.007193214029211443, 0.047307746173833064, 0.9988544612824644]], "fy": 501.3613755453552, "fx": 1197.9314188857138}, {"id": 2, "img_name": "images/000009.jpg", "width": 649, "height": 389, "position": [0.32383845043496445, 0.4623990659614763, -0.1729409000008607], "rotation": [[0.9943547563192671, -0.0075484157328167085, -0.10583780045510946], [-0.006982915471300777, 0.9906486763683047, -0.13625872045945064], [0.10587661439983652, 0.13622856319307863, 0.9850035132392054]], "fy": 501.3613755453552, "fx": 1197.9314188857138}, {"id": 3, "img_name": "images/000010.jpg", "width": 649, "height": 389, "position": [0.8780534014621957, 1.40667670699378, 1.0499475000718994], "rotation": [[0.9840652527664925, -0.043416529860434, -0.17242558752255321], [0.007741895613033248, 0.9792733165801925, -0.20239524324041608], [0.17763907607825627, 0.19783522529850017, 0.9640049700500279]], "fy": 501.3613755453552, "fx": 1197.9314188857138}, {"id": 4, "img_name": "images/000133.jpg", "width": 649, "height": 389, "position": [-4.285757516742721, -2.732146236638094, -1.2736589871747988], "rotation": [[0.9856708721181444, 0.05285050137567125, 0.16018662978599918], [-0.07209238196741184, 0.9905359956717688, 0.11679524708138743], [-0.152497935461833, -0.12666990875056997, 0.980152597250551]], "fy": 501.3613755453552, "fx": 1197.9314188857138}, {"id": 5, "img_name": "images/000134.jpg", "width": 649, "height": 389, "position": [-1.0155035457620476, -1.4565129532894712, -0.09538153451744018], "rotation": [[0.9977760451684783, 0.05815000859405417, -0.032581285862627304], [-0.05659368817032243, 0.9972993304720938, 0.046810254209879144], [0.03521531126131245, -0.044862255186566655, 0.9983723052610906]], "fy": 501.3613755453552, "fx": 1197.9314188857138}, {"id": 6, "img_name": "images/000135.jpg", "width": 649, "height": 389, "position": [2.9658814003336555, 2.1645857002397704, 3.3537385239366375], "rotation": [[0.9377122016519189, -0.027467363619138117, -0.34632552722680565], [-0.03419543676211276, 0.9847316525501724, -0.17068756419392428], [0.3457260461373416, 0.17189856428027758, 0.9224556274534944]], "fy": 501.3613755453552, "fx": 1197.9314188857138}, {"id": 7, "img_name": "images/000198.jpg", "width": 649, "height": 389, "position": [5.815707082463125, 2.095225674132293, 4.84221798820744], "rotation": [[0.7793165367049252, 0.057065639093237114, -0.6240266408200227], [-0.18223761494763532, 0.9734413645733961, -0.13856897717628452], [0.5995458175289347, 0.22171022207459146, 0.7690184588884696]], "fy": 501.3613755453552, "fx": 1197.9314188857138}, {"id": 8, "img_name": "images/000199.jpg", "width": 649, "height": 389, "position": [3.758345680970756, 2.335193688491114, 2.2945464457442846], "rotation": [[0.8842488783755731, 0.06617665461192329, -0.4623035490626426], [-0.14364104980611178, 0.9804619039239059, -0.13439383826838058], [0.44437728328768006, 0.18524336786585296, 0.8764780229758058]], "fy": 501.3613755453552, "fx": 1197.9314188857138}, {"id": 9, "img_name": "images/000200.jpg", "width": 649, "height": 389, "position": [0.16724714037808971, 0.3759555048738874, -0.9855766370949791], "rotation": [[0.9784557114507169, 0.11035791053328724, -0.17448653905731112], [-0.11492573564641974, 0.9932409459038243, -0.01626341496137255], [0.1715123786074954, 0.03596602511820724, 0.9845252404187491]], "fy": 501.3613755453552, "fx": 1197.9314188857138}, {"id": 10, "img_name": "images/000201.jpg", "width": 649, "height": 389, "position": [-2.7876231639683264, -1.2284964732881574, -2.6476862298851844], "rotation": [[0.9929994714219283, 0.10847018853455757, 0.04675754436503528], [-0.1119741008392477, 0.9904612314440343, 0.08030161734117791], [-0.037601203398464435, -0.0849750975618417, 0.9956733311168594]], "fy": 501.3613755453552, "fx": 1197.9314188857138}]